M	  28.885 	-11.034 	 20.224
K	  30.140 	 -8.514 	 22.765
L	  33.400 	 -6.661 	 23.310
F	  34.220 	 -5.675 	 26.953
A	  36.559 	 -2.687 	 27.621
Q	  37.117 	 -0.173 	 30.312
G	  34.352 	 -1.560 	 32.516
T	  31.747 	 -1.527 	 29.694
S	  30.530 	 -3.708 	 26.821
L	  29.795 	 -3.168 	 23.231
D	  27.046 	 -5.422 	 21.773
L	  27.736 	 -6.366 	 18.163
S	  24.395 	 -7.930 	 17.201
H	  23.636 	 -4.928 	 15.112
P	  26.147 	 -2.804 	 13.156
H	  27.922 	  0.169 	 14.756
V	  28.923 	  3.294 	 12.920
M	  32.416 	  4.465 	 13.879
G	  32.908 	  8.176 	 13.218
I	  36.288 	  9.513 	 12.119
L	  38.147 	 12.294 	 14.064
N	  41.635 	 12.855 	 12.600
V	  43.768 	 15.177 	 14.835
T	  46.893 	 15.613 	 12.752
P	  49.469 	 18.485 	 12.892
D	  48.024 	 19.994 	  9.732
S	  44.555 	 19.968 	 11.172
F	  44.956 	 20.361 	 15.074
S	  46.455 	 23.605 	 14.798
D	  49.334 	 25.591 	 14.955
G	  52.549 	 24.481 	 16.404
G	  51.708 	 22.405 	 19.441
T	  48.024 	 21.931 	 20.025
H	  45.415 	 24.731 	 19.953
N	  41.902 	 25.725 	 20.978
S	  41.414 	 23.119 	 18.164
L	  40.694 	 21.121 	 21.399
I	  37.158 	 22.668 	 21.536
D	  36.585 	 21.847 	 17.827
A	  37.649 	 18.218 	 18.352
V	  35.316 	 17.938 	 21.313
K	  32.486 	 19.638 	 19.363
H	  32.991 	 17.400 	 16.301
A	  32.717 	 14.289 	 18.519
N	  29.428 	 15.647 	 19.966
L	  27.802 	 16.111 	 16.575
M	  28.819 	 12.546 	 15.522
I	  27.595 	 11.048 	 18.825
N	  24.391 	 12.993 	 18.202
A	  24.336 	 11.712 	 14.584
G	  24.319 	  8.197 	 16.163
A	  27.927 	  7.115 	 16.111
T	  28.838 	  4.507 	 18.784
I	  32.592 	  4.415 	 18.365
I	  34.784 	  7.436 	 17.448
D	  38.189 	  6.680 	 15.865
V	  40.647 	  9.344 	 16.972
G	  43.887 	  9.310 	 15.110
G	  46.840 	 11.561 	 14.640
E	  48.381 	 10.302 	 11.386
S	  47.107 	 10.512 	  7.929
T	  47.852 	  7.422 	  5.843
R	  47.023 	  8.834 	  2.385
P	  49.943 	  8.692 	 -0.220
G	  52.942 	 10.807 	  0.529
A	  51.597 	 11.588 	  3.999
A	  54.160 	 13.044 	  6.402
E	  55.525 	 11.034 	  9.328
V	  54.263 	 12.328 	 12.719
S	  56.499 	 12.004 	 15.852
V	  55.386 	 10.468 	 19.223
E	  55.360 	 14.007 	 20.805
E	  53.105 	 15.335 	 18.118
E	  50.808 	 12.257 	 18.592
L	  50.814 	 12.516 	 22.377
Q	  49.987 	 16.207 	 22.294
R	  47.015 	 15.792 	 19.986
V	  45.498 	 12.350 	 20.423
I	  45.668 	 11.928 	 24.196
P	  43.972 	 15.295 	 25.322
V	  41.184 	 14.677 	 22.735
V	  40.749 	 11.072 	 23.972
E	  40.629 	 12.208 	 27.629
A	  38.243 	 15.069 	 26.996
I	  35.815 	 12.784 	 25.101
A	  35.771 	  9.968 	 27.676
Q	  35.132 	 12.562 	 30.420
R	  32.356 	 14.226 	 28.577
F	  30.438 	 11.389 	 26.872
E	  29.669 	  7.650 	 27.089
V	  30.914 	  6.638 	 23.553
W	  33.564 	  4.032 	 22.784
I	  36.862 	  5.436 	 21.617
S	  39.360 	  3.709 	 19.261
V	  42.789 	  5.174 	 18.942
D	  44.318 	  4.843 	 15.565
T	  47.946 	  4.813 	 16.522
S	  51.016 	  2.553 	 15.776
K	  53.264 	  3.892 	 18.486
P	  53.673 	  1.973 	 21.718
E	  53.646 	  5.150 	 23.925
V	  50.462 	  6.402 	 22.481
I	  48.888 	  2.884 	 22.984
R	  49.949 	  2.829 	 26.700
E	  48.734 	  6.381 	 27.278
S	  45.355 	  6.098 	 25.502
A	  44.660 	  3.123 	 27.707
K	  45.183 	  5.158 	 30.831
V	  42.951 	  8.112 	 29.779
G	  39.972 	  5.868 	 28.778
A	  40.275 	  4.504 	 25.154
H	  38.480 	  1.315 	 24.333
I	  39.869 	 -0.281 	 21.121
I	  43.389 	 -0.014 	 19.634
N	  42.873 	  0.349 	 15.905
D	  46.369 	  0.283 	 14.564
I	  46.244 	 -0.010 	 10.707
R	  49.818 	 -1.367 	 10.933
S	  48.463 	 -4.366 	 13.038
L	  51.052 	 -3.879 	 15.869
S	  54.109 	 -4.441 	 13.628
E	  56.216 	 -1.602 	 15.013
P	  58.858 	 -2.437 	 17.649
G	  57.165 	 -2.745 	 20.973
A	  53.584 	 -2.280 	 19.769
L	  52.137 	 -5.824 	 20.345
E	  53.259 	 -6.038 	 23.988
A	  51.965 	 -2.448 	 24.720
A	  48.561 	 -3.620 	 23.347
A	  48.955 	 -6.788 	 25.352
E	  49.588 	 -5.113 	 28.738
T	  46.766 	 -2.719 	 28.006
G	  44.374 	 -5.683 	 27.552
L	  41.982 	 -3.914 	 25.145
P	  40.334 	 -5.109 	 21.849
V	  42.767 	 -4.751 	 18.902
C	  41.788 	 -4.453 	 15.263
L	  44.062 	 -6.350 	 12.706
M	  44.166 	 -4.986 	  9.171
H	  45.480 	 -6.346 	  5.939
M	  47.940 	 -3.968 	  4.267
Q	  50.438 	 -4.761 	  1.445
G	  53.258 	 -2.273 	  0.786
N	  53.410 	  1.124 	  2.671
P	  50.134 	  3.176 	  2.530
K	  51.903 	  6.530 	  2.173
T	  53.814 	  5.717 	 -1.045
M	  53.104 	  6.709 	 -4.661
Q	  53.644 	  3.016 	 -5.796
E	  51.130 	  1.213 	 -7.936
A	  49.306 	 -1.833 	 -6.681
P	  50.585 	 -5.366 	 -6.024
K	  49.760 	 -8.278 	 -8.113
Y	  48.000 	-10.940 	 -6.003
D	  47.729 	-14.514 	 -7.204
D	  44.493 	-14.239 	 -5.342
V	  43.686 	-11.411 	 -3.000
F	  41.031 	-13.243 	 -0.890
A	  43.360 	-16.152 	 -0.155
E	  46.198 	-13.748 	  0.655
V	  44.063 	-11.499 	  3.007
N	  42.757 	-14.731 	  4.645
R	  46.390 	-16.204 	  5.145
Y	  47.363 	-12.871 	  6.595
F	  44.598 	-13.126 	  9.256
I	  45.499 	-16.705 	 10.137
E	  49.123 	-15.593 	 10.724
Q	  48.269 	-12.434 	 12.605
I	  45.826 	-13.995 	 15.096
A	  48.458 	-16.571 	 16.004
R	  51.083 	-13.783 	 16.534
C	  48.652 	-12.146 	 18.913
E	  47.677 	-15.276 	 20.835
Q	  51.398 	-15.869 	 21.383
A	  51.801 	-12.251 	 22.738
G	  49.040 	-13.122 	 25.184
I	  46.062 	-11.352 	 23.489
A	  43.172 	-13.823 	 23.464
K	  41.477 	-14.458 	 20.094
E	  38.434 	-13.152 	 22.025
K	  39.638 	 -9.546 	 21.745
L	  40.558 	 -9.312 	 18.034
L	  38.613 	 -7.623 	 15.300
L	  39.585 	 -8.302 	 11.628
D	  39.553 	 -5.721 	  8.741
P	  40.417 	 -6.519 	  5.022
G	  42.091 	 -3.129 	  4.525
F	  40.027 	 -1.572 	  1.712
G	  42.330 	  0.623 	 -0.318
F	  45.658 	 -0.592 	  1.260
G	  47.744 	 -2.251 	 -1.395
K	  44.723 	 -3.213 	 -3.501
N	  43.597 	 -1.904 	 -6.918
L	  39.990 	 -1.377 	 -7.929
S	  39.257 	 -5.082 	 -8.820
H	  41.070 	 -6.400 	 -5.703
N	  38.884 	 -4.088 	 -3.563
Y	  35.594 	 -5.152 	 -5.120
S	  36.519 	 -8.874 	 -5.020
L	  37.243 	 -8.420 	 -1.253
L	  33.914 	 -6.526 	 -0.840
A	  31.968 	 -9.135 	 -2.958
R	  33.115 	-12.013 	 -0.710
L	  33.149 	-10.225 	  2.717
A	  30.475 	-12.633 	  4.065
E	  33.111 	-15.341 	  3.928
F	  35.640 	-13.914 	  6.483
H	  33.062 	-14.880 	  9.099
H	  34.626 	-18.368 	  9.339
F	  37.134 	-16.884 	 11.847
N	  34.215 	-16.078 	 14.159
L	  35.725 	-12.692 	 14.982
P	  34.122 	 -9.191 	 14.535
L	  34.570 	 -7.622 	 11.037
L	  35.531 	 -3.846 	 10.907
V	  35.322 	 -2.202 	  7.406
G	  36.660 	  1.224 	  6.267
M	  35.523 	  2.332 	  2.840
S	  34.348 	  6.002 	  3.229
R	  35.343 	  8.347 	  0.267
K	  38.133 	  6.082 	 -0.940
S	  39.499 	  5.636 	 -4.413
M	  37.543 	  2.397 	 -4.888
I	  34.486 	  4.751 	 -5.210
G	  36.302 	  7.725 	 -6.734
Q	  37.878 	  5.853 	 -9.718
L	  34.828 	  3.711 	-10.299
L	  32.607 	  6.787 	-10.539
N	  35.220 	  9.367 	-11.461
V	  34.134 	 11.974 	 -8.953
G	  36.155 	 14.027 	 -6.549
P	  36.478 	 13.503 	 -2.706
S	  33.385 	 15.741 	 -1.966
E	  31.246 	 13.870 	 -4.374
R	  31.547 	 10.281 	 -2.960
L	  28.687 	  9.984 	 -0.367
S	  26.209 	  7.943 	 -2.516
G	  28.944 	  5.499 	 -3.473
S	  30.252 	  5.419 	  0.170
L	  26.688 	  4.583 	  1.430
A	  26.377 	  1.749 	 -1.143
C	  29.654 	  0.294 	  0.214
A	  28.309 	  0.489 	  3.804
V	  24.957 	 -1.232 	  2.945
I	  26.672 	 -4.091 	  0.880
A	  29.099 	 -4.584 	  3.767
A	  26.408 	 -4.579 	  6.579
M	  24.077 	 -6.842 	  4.508
Q	  26.842 	 -9.395 	  4.713
G	  27.142 	 -8.953 	  8.524
A	  30.152 	 -6.579 	  9.108
H	  30.060 	 -5.410 	 12.696
I	  31.612 	 -1.893 	 12.508
I	  31.633 	  0.529 	  9.476
R	  34.218 	  3.364 	  9.859
V	  32.736 	  6.486 	  8.123
H	  33.030 	 10.284 	  7.658
D	  29.349 	 10.804 	  7.024
V	  27.842 	  9.532 	 10.271
K	  24.272 	 10.904 	  9.923
E	  23.552 	  9.417 	  6.530
T	  25.399 	  6.083 	  7.313
V	  23.469 	  5.600 	 10.647
E	  20.275 	  6.260 	  8.705
A	  21.355 	  3.569 	  6.108
M	  22.199 	  1.089 	  8.946
R	  18.663 	  1.416 	 10.269
V	  17.117 	  0.234 	  6.976
V	  19.619 	 -2.680 	  6.939
E	  18.596 	 -3.563 	 10.554
A	  14.952 	 -3.488 	  9.569
T	  15.784 	 -5.820 	  6.732
L	  18.176 	 -8.352 	  8.388
S	  15.668 	 -8.672 	 11.276
A	  12.967 	 -9.913 	  8.852
K	  15.601 	-12.134 	  7.128
E	  15.544 	-15.800 	  8.286
N	  19.402 	-16.247 	  8.726
K	  20.060 	-12.532 	  9.349
R	  22.840 	-12.238 	  6.656
Y	  23.137 	-12.179 	  2.831
E	  25.730 	-14.302 	  1.019
END